1
10
100
1000
1001
1002
1003
1004
1005
1007
1008
1009
101
1010
1011
1012
1013
1014
1015
1016
1017
1018
1019
102
1020
1021
1022
1023
1024
1025
1026
1028
1029
103
1030
1032
1034
1035
1037
1038
104
1044
1045
1046
105
1051
1052
1054
1055
1061
1067
107
1070
1072
1073
1075
1076
108
1080
1087
1094
1095
1097
1098
11
110
1100
1102
1103
1108
111
1117
1119
1123
1124
1134
1136
1137
1143
1145
1147
115
1150
1151
1152
1153
1154
1159
116
1161
117
1171
1174
1176
1179
118
1180
1182
1187
1189
119
1190
1192
1194
1200
1201
1202
1208
1209
121
1216
1218
1219
122
1220
1221
1224
1225
1232
1236
1239
124
1241
1242
1248
125
1254
1256
1259
126
1261
1267
1268
127
1270
1272
128
1293
1295
1297
13
130
1300
1301
1303
1305
1306
1317
1318
1321
1323
1324
1327
1331
1332
1334
1335
1336
1339
1340
1341
1343
1348
1350
1351
1357
1358
1359
1360
1361
1365
1372
1375
1376
1377
1378
138
1389
1390
1392
1396
14
1404
1406
1415
1416
1419
142
1420
1421
1422
1424
1425
1426
1427
1429
143
1430
1431
1432
1434
1435
1436
1437
1438
144
1442
1447
1452
1458
146
1460
1467
1468
1475
1476
1477
1479
1480
1482
1484
1488
149
1492
1493
15
150
1501
1506
152
1520
1522
1526
1527
153
1534
1535
1536
1537
1539
1547
1549
155
1551
1553
1556
1557
1558
156
1561
1562
1563
1565
1567
1568
1570
1571
1572
1580
1583
1584
1587
1589
1592
1596
1598
1599
16
1612
1623
1624
1625
1628
1631
1632
1633
1634
1636
1637
1641
1643
1644
1645
1646
1647
1648
165
1652
1653
1654
1655
1656
1657
1658
1659
1660
1665
1669
167
1670
1676
1677
168
1688
1690
1694
1696
1699
170
1709
171
1714
1717
1718
172
1723
1726
1728
1739
174
1741
1742
1743
175
1758
176
1762
1763
1764
1766
1770
1771
1772
1773
1777
1778
1780
1782
1784
1785
1787
1788
1792
18
1800
1801
1802
1805
1806
1807
1813
1825
1829
184
1850
1853
1856
186
1870
1873
1875
1876
1878
188
1880
1884
1892
1893
1894
1898
19
1909
192
1921
1930
1942
1949
195
1950
1953
1954
1955
1956
1957
196
1961
1962
1966
197
1974
1976
1978
198
1981
1982
1987
1993
2
200
2002
2003
2004
201
2017
2021
2022
2023
2024
2025
2026
2027
203
2034
2037
2038
2040
2044
205
2050
2051
2053
2056
2058
2069
2073
2075
208
2081
2088
2095
210
2103
2105
2107
2109
211
2124
2125
213
2132
2133
2136
214
2146
215
2153
2157
2161
2169
217
2170
2176
2189
219
2192
2193
2195
2199
2201
2204
2209
2211
2213
2219
222
2227
223
2234
2236
2238
2248
2250
2252
2271
2276
228
2287
2288
229
23
230
2300
2302
2303
2304
2305
2307
2308
2310
2311
2312
2313
2319
232
2322
2323
2324
2326
2329
233
2332
2333
2336
2340
2345
2347
2348
2349
235
2351
2352
2353
2355
2358
236
2362
2367
237
2370
2374
238
239
2392
2393
2406
2409
241
2414
242
2422
2427
244
2444
2447
2454
2455
2457
246
2460
2461
2463
2464
247
2472
2473
2475
2476
2479
248
2484
2487
2488
249
2493
250
2502
2509
251
2514
2517
252
2520
2521
2523
2524
2528
253
2531
2532
2533
2534
2536
2538
2539
2549
2553
2558
2559
2560
2561
2562
2563
2577
2581
2590
2596
261
2612
2616
262
2620
2621
2622
2630
2639
264
2640
2641
2644
2646
265
2655
2659
2664
2671
2674
2683
2688
269
2694
2695
270
2700
2703
2708
271
2713
2714
272
2723
2727
2731
2732
2733
2736
2738
274
2741
2748
275
276
2762
2764
2766
2773
2781
2785
279
2794
2796
2800
2801
2805
2808
2810
2814
2816
282
2820
2822
2823
2824
2825
2826
283
2830
2835
2840
2844
2847
2849
285
2850
2855
286
2862
2866
2867
287
2870
2871
2875
2877
288
2880
2882
2884
289
2890
2892
2901
2907
291
2910
292
2923
2925
2929
2941
2948
295
2950
2951
2955
296
2961
297
2971
298
2985
299
2992
3
300
301
3015
3016
3019
302
3021
3024
3025
3028
3029
303
3031
3032
3033
304
3043
3045
3048
305
3051
3052
3053
3055
3059
306
3061
3062
3064
3068
307
3070
3079
3081
3085
3088
3089
3092
3094
3095
310
3100
3102
3104
3108
311
3115
3116
3119
3120
3127
314
3140
3146
3158
317
3178
3180
3182
3184
3191
3192
3193
3194
3198
3199
320
3200
3202
3203
3208
321
3211
3215
3224
3230
3237
3238
3240
3242
3254
3255
3258
326
3261
3266
3268
3274
3276
3278
3279
328
3282
3284
3296
3303
3306
331
3313
3316
332
3321
3323
3325
3332
3334
3336
3337
3338
334
3340
3341
3342
3343
3344
3345
3346
3347
3348
3350
3352
3353
3354
3355
336
3361
3363
3364
3366
3369
3382
3384
3390
3392
3393
3398
34
3403
341
3419
3424
3425
3426
3430
3431
3440
3448
3449
3452
3456
3457
3460
3461
3462
3463
3464
3467
3468
347
3470
3473
3478
3480
3489
3490
3492
3496
3497
3504
3505
3511
3512
3513
3518
3519
352
3524
3528
3529
353
3530
3531
3533
3534
3538
3543
3544
3546
3548
355
3556
3563
3572
3584
3585
3586
3596
3597
3605
3607
3612
3617
3623
3624
3625
3626
3630
3632
3633
3642
3643
3649
3650
3651
366
3665
3668
3670
3671
3673
3677
368
3683
3684
3687
3688
3694
3695
3701
3702
3704
3706
3708
3710
3713
3722
3725
3729
3732
3738
3744
3751
3755
3762
3778
3779
378
3781
3785
3789
3792
3793
3795
3807
3814
3815
3819
3821
3822
3824
3825
3829
3831
3832
3833
3842
3845
3880
3899
3928
393
394
399
4
42
423
429
43
430
434
437
441
445
446
451
457
458
465
47
48
484
50
508
51
514
518
52
522
523
526
527
528
53
530
532
538
539
54
541
556
56
560
564
572
573
576
577
58
580
581
582
589
591
592
595
596
598
6
600
601
602
606
607
610
614
615
616
618
619
62
620
622
623
625
63
630
632
634
636
638
639
641
642
644
645
646
649
65
652
653
654
655
656
657
658
659
660
662
663
664
665
666
667
668
669
67
670
671
672
673
674
675
676
677
679
680
681
682
683
684
685
686
687
688
689
692
693
694
696
697
698
699
700
701
702
703
704
705
707
709
71
710
711
712
713
714
715
716
717
719
720
722
723
724
725
726
727
728
729
730
731
732
733
734
735
736
737
738
739
74
741
742
743
744
746
747
748
749
751
752
753
754
755
756
757
759
76
760
761
762
764
765
766
767
768
769
772
773
774
775
776
777
779
780
781
782
783
784
785
787
788
789
790
791
792
793
794
796
797
798
799
8
800
801
802
804
805
806
807
808
809
810
811
812
813
814
816
817
821
822
823
824
825
826
828
831
832
833
834
835
836
837
838
839
84
842
843
844
845
846
847
848
849
851
852
853
854
855
859
860
861
862
863
864
865
867
868
869
874
875
877
878
879
880
882
885
886
887
888
892
893
894
895
896
897
898
899
9
90
900
901
902
903
904
906
907
908
909
910
911
913
914
915
916
917
918
919
920
921
922
923
924
925
926
927
928
929
930
931
932
933
934
935
937
938
939
940
941
942
943
945
947
948
949
950
951
953
955
956
958
959
96
960
961
962
963
964
965
967
968
969
97
970
971
972
973
974
975
977
978
979
98
981
982
983
985
986
987
988
989
990
991
992
993
994
995
997
999